<?xml version="1.0"?>
<opencv_storage>
<calibration_Time>"Sun 05 Jan 2020 03:49:09 PM MST"</calibration_Time>
<nrOfFrames>15</nrOfFrames>
<image_Width>1280</image_Width>
<image_Height>720</image_Height>
<board_Width>4</board_Width>
<board_Height>11</board_Height>
<square_Size>15.</square_Size>
<FixAspectRatio>1.</FixAspectRatio>
<flagValue>14</flagValue>
<Camera_Matrix type_id="opencv-matrix">
  <rows>3</rows>
  <cols>3</cols>
  <dt>d</dt>
  <data>
    7.8722564477108551e+02 0. 640. 0. 7.8722564477108551e+02 360. 0. 0.
    1.</data></Camera_Matrix>
<Distortion_Coefficients type_id="opencv-matrix">
  <rows>5</rows>
  <cols>1</cols>
  <dt>d</dt>
  <data>
    -4.4740308607445760e-02 -1.5095360925316249e-02 0. 0.
    -6.9488684491190115e-03</data></Distortion_Coefficients>
<Avg_Reprojection_Error>1.9335511081085059e+00</Avg_Reprojection_Error>
<Per_View_Reprojection_Errors type_id="opencv-matrix">
  <rows>15</rows>
  <cols>1</cols>
  <dt>f</dt>
  <data>
    2.50022101e+00 9.74356174e-01 1.59951293e+00 3.72383213e+00
    2.73607898e+00 9.29611504e-01 1.23204470e+00 1.34048212e+00
    2.40144444e+00 1.57229149e+00 1.89307928e+00 1.98994815e+00
    1.81219745e+00 9.92237329e-01 8.58516991e-01</data></Per_View_Reprojection_Errors>
<Extrinsic_Parameters type_id="opencv-matrix">
  <rows>15</rows>
  <cols>6</cols>
  <dt>d</dt>
  <data>
    -4.2230563471687604e-02 -8.5649765967934999e-02
    1.6161990388724539e+00 5.7470997694107432e+01
    -2.6941513321126422e+01 3.2964297014072667e+02
    -1.3149009553357180e-01 -2.8460690450565634e-02
    1.5592277081582138e+00 5.2057848420252178e+01
    -3.2319177913834316e+01 3.3463955977250856e+02
    -2.2227154614540581e-01 3.0389154384778946e-02
    1.5369009045803397e+00 6.1787202746056010e+01
    -3.2814748109918824e+01 3.4728792266841037e+02
    -2.3779025485102220e-01 -8.5107734919647390e-02
    1.5804547757623018e+00 2.5980894532579777e+02
    -1.3589865736571921e+01 4.0900056440363448e+02
    -1.6976487885700012e-01 -1.7506160912307470e-01
    1.5763463722690960e+00 2.5761702069149965e+02
    -1.6185428703357360e+01 3.9670279715185637e+02
    1.1274246303085612e-01 3.5844482736906713e-01 1.5615374341439905e+00
    2.7312577276135011e+02 -1.7880436365592054e+01
    3.4544670934319475e+02 2.9444118000486175e-01 2.1018950322682917e-01
    1.6141048263316393e+00 2.3989243022117935e+02 3.2171308787516615e+01
    3.1212682160069744e+02 1.8237062444647739e-01 2.1786693796279613e-01
    1.6235361386623068e+00 2.4181959332754840e+02 3.1189244083146658e+01
    3.2975972619797022e+02 3.4160678681168961e-02 2.7023553740875537e-02
    1.5846023601556312e+00 2.3754355447904305e+02
    -1.5070033617521267e+02 3.8002771258081418e+02
    -2.3998511833548089e-03 -5.9136230071621783e-02
    1.5344805150824874e+00 2.4371336883668783e+02
    -1.4972666763092130e+02 3.8354464191760974e+02
    -5.9881411974438699e-02 -5.0342354761032375e-02
    1.5635518959476833e+00 2.7411531023162149e+02
    -1.3499452070957565e+02 3.9813889527070921e+02
    5.8469998419573697e-02 1.4086466671998646e-01 1.5754537901308809e+00
    -3.0288827284579494e+01 -1.1326857272872712e+02
    4.4236118973927381e+02 1.8045328924412646e-01 2.9228805167461436e-01
    1.6782779584741794e+00 -5.4351137897416057e+00
    -4.4426419892101656e+01 2.7477115898814048e+02
    -8.0952130382718562e-02 -2.5459101311809670e-02
    1.6179441541105912e+00 -2.3256876140739681e+01
    -4.9745269037569493e+01 2.9568306332528010e+02
    -1.0984602285653293e-01 -1.4688842922159573e-01
    1.6205926488618034e+00 -2.6460027116460456e+01
    -4.7493420322614377e+01 3.0174961970848244e+02</data></Extrinsic_Parameters>
<Image_points type_id="opencv-matrix">
  <rows>15</rows>
  <cols>44</cols>
  <dt>"2f"</dt>
  <data>
    7.82429199e+02 2.93595978e+02 7.76669189e+02 3.68375641e+02
    7.71522400e+02 4.40276825e+02 7.66695129e+02 5.07841980e+02
    7.42300415e+02 3.30793427e+02 7.36973633e+02 4.03270966e+02
    7.32284607e+02 4.71565186e+02 7.28679321e+02 5.41504944e+02
    7.07820923e+02 2.92255035e+02 7.02410461e+02 3.65970856e+02
    6.97962341e+02 4.35354187e+02 6.94649292e+02 5.02901123e+02
    6.67539917e+02 3.28212616e+02 6.63518311e+02 3.98716583e+02
    6.60450073e+02 4.67124817e+02 6.57259399e+02 5.39568542e+02
    6.32568298e+02 2.89873962e+02 6.29252502e+02 3.61529968e+02
    6.26501343e+02 4.30605499e+02 6.23109680e+02 5.02066956e+02
    5.94400085e+02 3.23921844e+02 5.92427246e+02 3.94038635e+02
    5.89264038e+02 4.64831787e+02 5.85759155e+02 5.39184692e+02
    5.59370178e+02 2.85731750e+02 5.57970947e+02 3.56815979e+02
    5.55264771e+02 4.27715271e+02 5.51377686e+02 5.01534058e+02
    5.23128662e+02 3.19083710e+02 5.20994568e+02 3.90665192e+02
    5.17035706e+02 4.64140289e+02 5.13440552e+02 5.39794312e+02
    4.87682068e+02 2.80638977e+02 4.86361053e+02 3.53437225e+02
    4.82336060e+02 4.26654480e+02 4.78588654e+02 5.01404572e+02
    4.51186493e+02 3.15482300e+02 4.47637054e+02 3.89214203e+02
    4.43340546e+02 4.63049805e+02 4.37516174e+02 5.40469604e+02
    4.15123749e+02 2.76821045e+02 4.11953430e+02 3.51579651e+02
    4.07675507e+02 4.24468964e+02 4.01666809e+02 5.01516968e+02
    7.62123230e+02 2.85108978e+02 7.64094543e+02 3.55310455e+02
    7.66541626e+02 4.26696259e+02 7.67840759e+02 4.98291779e+02
    7.28047974e+02 3.19883057e+02 7.29994385e+02 3.91099213e+02
    7.31105164e+02 4.62784210e+02 7.33934570e+02 5.35625183e+02
    6.92170471e+02 2.84192841e+02 6.93675598e+02 3.55180115e+02
    6.94633362e+02 4.27011353e+02 6.96427490e+02 4.99214905e+02
    6.57179871e+02 3.19465179e+02 6.58301819e+02 3.91308533e+02
    6.59549377e+02 4.63258453e+02 6.62016907e+02 5.36868713e+02
    6.20785339e+02 2.83502472e+02 6.21792114e+02 3.55422546e+02
    6.22950073e+02 4.27421082e+02 6.24635071e+02 5.00414520e+02
    5.85116638e+02 3.19422150e+02 5.86250793e+02 3.91547638e+02
    5.87501953e+02 4.64230621e+02 5.89316833e+02 5.38540588e+02
    5.48327393e+02 2.83110840e+02 5.49486450e+02 3.55534210e+02
    5.50511841e+02 4.28078247e+02 5.51706848e+02 5.02011322e+02
    5.12320862e+02 3.19396851e+02 5.13433105e+02 3.91957428e+02
    5.14109436e+02 4.65416656e+02 5.15032898e+02 5.40543640e+02
    4.74575470e+02 2.82732300e+02 4.76144867e+02 3.55841736e+02
    4.76512634e+02 4.28930084e+02 4.77085236e+02 5.03730530e+02
    4.38092712e+02 3.19212585e+02 4.38787292e+02 3.92473480e+02
    4.38726318e+02 4.66977051e+02 4.39266785e+02 5.42558105e+02
    3.99233521e+02 2.82202759e+02 4.00824738e+02 3.56066711e+02
    4.00311859e+02 4.29982086e+02 4.00741608e+02 5.05617310e+02
    7.77763306e+02 2.88403259e+02 7.85579285e+02 3.53335388e+02
    7.91442688e+02 4.22772858e+02 7.94965454e+02 4.94214966e+02
    7.48569153e+02 3.19703094e+02 7.54304077e+02 3.88074493e+02
    7.57637817e+02 4.59078674e+02 7.62300232e+02 5.31727051e+02
    7.12027649e+02 2.86558105e+02 7.17242065e+02 3.53566223e+02
    7.20612305e+02 4.24194366e+02 7.24198669e+02 4.95889709e+02
    6.80274841e+02 3.19497375e+02 6.83765381e+02 3.89386993e+02
    6.86702332e+02 4.60615997e+02 6.91321350e+02 5.33678772e+02
    6.43830872e+02 2.85714447e+02 6.47245422e+02 3.54621338e+02
    6.49801880e+02 4.25499603e+02 6.53492859e+02 4.97842133e+02
    6.10367432e+02 3.20381348e+02 6.13174866e+02 3.90862274e+02
    6.16091919e+02 4.62416138e+02 6.19601379e+02 5.35856812e+02
    5.73904602e+02 2.85887238e+02 5.76348633e+02 3.56098450e+02
    5.78914062e+02 4.27324219e+02 5.81938171e+02 5.00013885e+02
    5.39553894e+02 3.21290253e+02 5.41917236e+02 3.92442963e+02
    5.44378113e+02 4.64404602e+02 5.46921143e+02 5.38405457e+02
    5.02438965e+02 2.86534241e+02 5.04815948e+02 3.57535645e+02
    5.06827118e+02 4.29034515e+02 5.08856659e+02 5.02507507e+02
    4.67337097e+02 3.22455048e+02 4.69186310e+02 3.93753693e+02
    4.70656891e+02 4.66618622e+02 4.72796631e+02 5.41018127e+02
    4.29430359e+02 2.87206207e+02 4.31673645e+02 3.58908630e+02
    4.32628357e+02 4.30982330e+02 4.34164246e+02 5.05062622e+02
