<?xml version="1.0"?>
<opencv_storage>
<calibration_Time>"Sun 05 Jan 2020 03:50:06 PM MST"</calibration_Time>
<nrOfFrames>15</nrOfFrames>
<image_Width>1280</image_Width>
<image_Height>720</image_Height>
<board_Width>4</board_Width>
<board_Height>11</board_Height>
<square_Size>15.</square_Size>
<FixAspectRatio>1.</FixAspectRatio>
<flagValue>14</flagValue>
<Camera_Matrix type_id="opencv-matrix">
  <rows>3</rows>
  <cols>3</cols>
  <dt>d</dt>
  <data>
    1.0015520728435985e+03 0. 640. 0. 1.0015520728435985e+03 360. 0. 0.
    1.</data></Camera_Matrix>
<Distortion_Coefficients type_id="opencv-matrix">
  <rows>5</rows>
  <cols>1</cols>
  <dt>d</dt>
  <data>
    1.6685903587192646e-01 -2.6917633714866579e-01 0. 0.
    1.3229445698578438e-01</data></Distortion_Coefficients>
<Avg_Reprojection_Error>1.1770391224464534e+00</Avg_Reprojection_Error>
<Per_View_Reprojection_Errors type_id="opencv-matrix">
  <rows>15</rows>
  <cols>1</cols>
  <dt>f</dt>
  <data>
    9.80134666e-01 9.33944285e-01 8.10228407e-01 9.51799273e-01
    1.17467177e+00 9.60732043e-01 1.12193668e+00 1.28538167e+00
    1.23191404e+00 7.40368664e-01 1.46353316e+00 1.20738626e+00
    1.75837672e+00 1.61405385e+00 8.99818182e-01</data></Per_View_Reprojection_Errors>
<Extrinsic_Parameters type_id="opencv-matrix">
  <rows>15</rows>
  <cols>6</cols>
  <dt>d</dt>
  <data>
    -1.7220916742061457e-02 1.9596082535433956e-01
    1.5509006383616930e+00 9.2537117031900422e+01
    -1.0254860600738479e+02 4.1321770247563421e+02
    -3.9370088686716855e-02 1.9109889988653905e-01
    1.5545298011137165e+00 9.2330442016512464e+01
    -1.1156689857365515e+02 4.1622902897837645e+02
    -8.3490295234472475e-02 -1.0955289459869043e-01
    1.5795134355416893e+00 -7.9342459946140778e+01
    -5.8095712810445278e+01 4.5379500323896070e+02
    -8.0717679668701497e-02 -8.2373474631859275e-02
    1.5780738764289597e+00 -7.8905073435806258e+01
    -5.8950249853215404e+01 4.5377423941020339e+02
    -7.5224292138708584e-02 -2.4398140320557659e-02
    1.5834119436454581e+00 -8.3394395338336409e+01
    -5.9202098869742692e+01 4.5408573933157231e+02
    1.8741428520374839e-01 1.7524564922351150e-02 1.6066654607363053e+00
    2.3890044240075989e+02 -3.9237209072420050e+01
    3.9987872602825098e+02 1.6465368374834474e-01 3.6295889834244900e-02
    1.6059618093679640e+00 2.2524689089957138e+02
    -3.8960529146387415e+01 4.0285986439174934e+02
    1.3244969255929068e-01 9.3870055909875669e-02 1.6027697030619035e+00
    2.2181498034958085e+02 -3.9611159898157347e+01
    4.0666997058477449e+02 -2.4339613509907067e-02
    -8.3151990128481026e-02 1.5592938381702024e+00
    9.0403703017962457e+01 1.2984791083635510e+01 4.1130024457604947e+02
    -1.0408538342796683e-01 -3.1503348428265611e-02
    1.5675610560172091e+00 8.8337395089938255e+01 5.7298584528274370e+00
    4.1718189502963247e+02 -1.9717359676377971e-01
    1.0784944953915898e-01 1.6048966503843045e+00 1.2278280388029337e+02
    -2.4193708008315763e+01 4.2744859117098537e+02
    -1.2600031147089419e-01 6.7223604150126140e-02
    1.5994172854712456e+00 1.2397130704545462e+02
    -2.9412577355986961e+01 4.3319123945212709e+02
    -1.1569679871941715e-01 -6.2514060475311342e-02
    1.5796612199845668e+00 1.1849096951638650e+02
    -3.0859057738682711e+01 4.3340942279465116e+02
    -7.5588911382400720e-03 1.0004646932345061e-01
    1.5484183780899152e+00 3.4068265788256028e+01
    -2.0245188724930632e+01 4.1891679251546503e+02
    -2.5816367710218414e-03 -3.2753909227033452e-02
    1.5237691467100847e+00 1.8302910437305492e+01
    -2.1244214527184269e+01 4.3666865487984069e+02</data></Extrinsic_Parameters>
<Image_points type_id="opencv-matrix">
  <rows>15</rows>
  <cols>44</cols>
  <dt>"2f"</dt>
  <data>
    8.68587463e+02 1.08185326e+02 8.70899902e+02 1.79862137e+02
    8.72703003e+02 2.52909668e+02 8.73378723e+02 3.27055481e+02
    8.31610779e+02 1.45572510e+02 8.33638062e+02 2.17442871e+02
    8.34714905e+02 2.91163818e+02 8.36020447e+02 3.64636139e+02
    7.93139282e+02 1.12252945e+02 7.94891541e+02 1.82972397e+02
    7.96281067e+02 2.55540237e+02 7.97471558e+02 3.28682861e+02
    7.56750427e+02 1.49316757e+02 7.58084900e+02 2.20465485e+02
    7.59262634e+02 2.93144867e+02 7.60569153e+02 3.66035950e+02
    7.19468628e+02 1.16656624e+02 7.20438049e+02 1.86240295e+02
    7.21607422e+02 2.58004791e+02 7.22716187e+02 3.30531128e+02
    6.83520996e+02 1.53424469e+02 6.84211792e+02 2.23455048e+02
    6.85294189e+02 2.95486725e+02 6.86646179e+02 3.67379333e+02
    6.47253906e+02 1.21013855e+02 6.47421448e+02 1.89678864e+02
    6.48133057e+02 2.60516724e+02 6.49584045e+02 3.32424133e+02
    6.11565430e+02 1.57044861e+02 6.11655273e+02 2.26139435e+02
    6.12771362e+02 2.97452637e+02 6.14419067e+02 3.68725098e+02
    5.76462830e+02 1.25191849e+02 5.75958069e+02 1.93041245e+02
    5.76204407e+02 2.62776276e+02 5.77981018e+02 3.33992462e+02
    5.41214111e+02 1.60895828e+02 5.40523499e+02 2.28824936e+02
    5.41494873e+02 2.99327942e+02 5.43458252e+02 3.70122131e+02
    5.06612671e+02 1.28597122e+02 5.06070282e+02 1.96526733e+02
    5.05160828e+02 2.64846191e+02 5.07343292e+02 3.35689484e+02
    8.66028564e+02 8.80833359e+01 8.68432434e+02 1.58201614e+02
    8.70245178e+02 2.30676147e+02 8.71258179e+02 3.04520142e+02
    8.29562988e+02 1.24515083e+02 8.31508850e+02 1.95363007e+02
    8.32614868e+02 2.68610687e+02 8.33981323e+02 3.42083527e+02
    7.91456055e+02 9.17561569e+01 7.93161804e+02 1.61019562e+02
    7.94594421e+02 2.33039780e+02 7.95662415e+02 3.05980682e+02
    7.55324280e+02 1.27761971e+02 7.56746521e+02 1.97897491e+02
    7.57702271e+02 2.70413330e+02 7.58797363e+02 3.43402985e+02
    7.18309082e+02 9.54007263e+01 7.19281006e+02 1.63970932e+02
    7.20207581e+02 2.35195358e+02 7.21129150e+02 3.07730927e+02
    6.82454346e+02 1.31040909e+02 6.83074951e+02 2.00558594e+02
    6.83891724e+02 2.72455841e+02 6.84925659e+02 3.44763977e+02
    6.46373596e+02 9.90398026e+01 6.46535095e+02 1.67127411e+02
    6.47041565e+02 2.37355286e+02 6.47892456e+02 3.09453522e+02
    6.10772400e+02 1.34318390e+02 6.10594543e+02 2.03063385e+02
    6.11363525e+02 2.74375153e+02 6.12578613e+02 3.46163727e+02
    5.75563660e+02 1.02693459e+02 5.75019836e+02 1.69909088e+02
    5.74998657e+02 2.39536285e+02 5.76076965e+02 3.11050629e+02
    5.40422668e+02 1.37933517e+02 5.39274170e+02 2.05380554e+02
    5.39794678e+02 2.76139740e+02 5.41217651e+02 3.47453217e+02
    5.06098816e+02 1.06490250e+02 5.04830536e+02 1.72887741e+02
    5.03696899e+02 2.41238037e+02 5.05143829e+02 3.12537933e+02
    4.64171906e+02 2.31606918e+02 4.64079803e+02 2.97989075e+02
    4.63371857e+02 3.63889496e+02 4.62316162e+02 4.29987671e+02
    4.29710663e+02 2.63987488e+02 4.29517578e+02 3.30520264e+02
    4.28671692e+02 3.96873779e+02 4.27290497e+02 4.63703491e+02
    3.94505859e+02 2.29012909e+02 3.95025055e+02 2.96488708e+02
    3.94444946e+02 3.63364838e+02 3.93346527e+02 4.30263733e+02
    3.59374542e+02 2.61770813e+02 3.59655121e+02 3.29365479e+02
    3.58740051e+02 3.96693939e+02 3.56921967e+02 4.64525330e+02
    3.22730011e+02 2.26277985e+02 3.23753571e+02 2.94855194e+02
    3.23509521e+02 3.62776031e+02 3.22210266e+02 4.30770721e+02
    2.86892303e+02 2.59684570e+02 2.87483429e+02 3.28341003e+02
    2.86761078e+02 3.96701691e+02 2.84513855e+02 4.65462433e+02
    2.49171783e+02 2.23722092e+02 2.50525635e+02 2.93302643e+02
    2.50683182e+02 3.62245422e+02 2.49110733e+02 4.31280518e+02
    2.12761459e+02 2.57616333e+02 2.13771072e+02 3.27260529e+02
    2.13118576e+02 3.96481720e+02 2.10680161e+02 4.66204010e+02
    1.74387192e+02 2.21515228e+02 1.76072662e+02 2.91836426e+02
    1.76770096e+02 3.61655640e+02 1.74978104e+02 4.31389709e+02
    1.37701187e+02 2.55817825e+02 1.39218643e+02 3.26144836e+02
    1.38442047e+02 3.96265656e+02 1.35910767e+02 4.66879639e+02
    9.91054688e+01 2.19124725e+02 1.00651939e+02 2.90396973e+02
    1.01747520e+02 3.61113556e+02 9.97732315e+01 4.31477417e+02
