<?xml version="1.0"?>
<opencv_storage>
<calibration_Time>"Sun 05 Jan 2020 03:52:23 PM MST"</calibration_Time>
<nrOfFrames>15</nrOfFrames>
<image_Width>1280</image_Width>
<image_Height>720</image_Height>
<board_Width>4</board_Width>
<board_Height>11</board_Height>
<square_Size>15.</square_Size>
<FixAspectRatio>1.</FixAspectRatio>
<flagValue>14</flagValue>
<Camera_Matrix type_id="opencv-matrix">
  <rows>3</rows>
  <cols>3</cols>
  <dt>d</dt>
  <data>
    2.2404911014211161e+03 0. 640. 0. 2.2404911014211161e+03 360. 0. 0.
    1.</data></Camera_Matrix>
<Distortion_Coefficients type_id="opencv-matrix">
  <rows>5</rows>
  <cols>1</cols>
  <dt>d</dt>
  <data>
    1.2675875490607922e+00 -2.8137030082710158e+01 0. 0.
    1.7086739763035504e+02</data></Distortion_Coefficients>
<Avg_Reprojection_Error>9.5472649076878791e-01</Avg_Reprojection_Error>
<Per_View_Reprojection_Errors type_id="opencv-matrix">
  <rows>15</rows>
  <cols>1</cols>
  <dt>f</dt>
  <data>
    1.01066542e+00 7.08883047e-01 6.77011609e-01 9.27394450e-01
    5.27839601e-01 5.97877383e-01 1.24366081e+00 1.17588401e+00
    8.41831565e-01 4.72799718e-01 8.03909957e-01 1.83341372e+00
    5.61818361e-01 1.19183612e+00 7.67266393e-01</data></Per_View_Reprojection_Errors>
<Extrinsic_Parameters type_id="opencv-matrix">
  <rows>15</rows>
  <cols>6</cols>
  <dt>d</dt>
  <data>
    1.4863491326239450e-02 -1.4435381588673019e-01
    1.5905086659337335e+00 9.9036101291227723e+01
    -6.1529687440219988e+01 1.1822921504984263e+03
    6.8330209152415555e-02 -1.0296640546668478e-01
    1.5808031114566610e+00 9.7796936653883108e+01
    -6.4573552422360848e+01 1.1828593418835071e+03
    8.8916734789113697e-04 1.6266657679153643e-01 1.5823101347925708e+00
    9.3049714651140278e+01 -6.4233228923251332e+01
    1.1716791724482107e+03 3.5639676507029619e-03 3.1542155511025033e-01
    1.5360468576081396e+00 7.3312190118487791e+01
    -6.0175806420977906e+01 1.1588170345149485e+03
    1.9810559642532425e-02 2.3639594389937080e-01 1.5229732202998914e+00
    6.3697382086431780e+01 -5.9892121434969823e+01
    1.1878249857967587e+03 5.4612596376268627e-02 2.4659389449637167e-01
    1.5129571831633948e+00 4.9595927316688019e+01
    -5.2955709502417122e+01 1.1786586719201759e+03
    2.0618313087420884e-01 1.9947460963523214e-01 1.5156768964935212e+00
    4.3449953643630685e+01 1.1136774761077469e+01 1.1145624123243533e+03
    1.9606797263646783e-01 1.9751589108794393e-01 1.5624565935134171e+00
    9.5581923777349999e+01 4.1560220120413142e+01 1.1136354925957367e+03
    -2.4225557751682547e-01 -6.9243514217647937e-03
    1.6060208244697547e+00 1.0488398477327982e+02 5.3069335275399801e+01
    1.1638843301894187e+03 -2.0175420388372481e-01
    7.8939517024938469e-02 1.5934321990940410e+00 1.1354964340958996e+02
    5.0897555550051067e+01 1.1930741774787446e+03
    -7.7224875229663842e-02 2.8638413419186054e-01
    1.6000495607586376e+00 1.1121033805869277e+02 4.6569376729654344e+01
    1.1824844067890349e+03 2.5892371434112327e-01 1.1085402264346803e-02
    1.4615926559243766e+00 -1.4817128068983905e+02
    -4.9767532568589395e+01 1.1016741020610107e+03
    -3.6717100794728275e-01 -7.5138679666817809e-02
    1.6847446921246949e+00 2.9460115982318791e+02
    -1.1781329418487273e+01 1.2371705939749913e+03
    -2.1536214620739047e-01 -9.6520479673125062e-02
    1.7010887762173321e+00 2.9695746768851961e+02
    -9.2502328818064701e+00 1.2397242512882478e+03
    -3.9521997928081289e-02 2.0992507765935486e-01
    1.7321340289324141e+00 2.8918624978551702e+02
    -7.3615223735404038e+00 1.1733311133430182e+03</data></Extrinsic_Parameters>
<Image_points type_id="opencv-matrix">
  <rows>15</rows>
  <cols>44</cols>
  <dt>"2f"</dt>
  <data>
    8.26642334e+02 2.45106262e+02 8.27461792e+02 3.00339752e+02
    8.25813599e+02 3.56237885e+02 8.22182861e+02 4.11805725e+02
    7.99232910e+02 2.71491302e+02 7.99480591e+02 3.27634827e+02
    7.95978333e+02 3.83937378e+02 7.93076355e+02 4.39376709e+02
    7.71182007e+02 2.42667419e+02 7.71276794e+02 2.98512970e+02
    7.69516052e+02 3.55591125e+02 7.66514038e+02 4.11481415e+02
    7.42940002e+02 2.69587494e+02 7.42047729e+02 3.26447845e+02
    7.39744629e+02 3.83274475e+02 7.37365173e+02 4.38977844e+02
    7.14715820e+02 2.40697540e+02 7.13876770e+02 2.97285767e+02
    7.12474243e+02 3.54529968e+02 7.10299622e+02 4.10904114e+02
    6.85732056e+02 2.68238922e+02 6.84529846e+02 3.25347534e+02
    6.82864929e+02 3.82416443e+02 6.80844788e+02 4.38413452e+02
    6.57565247e+02 2.39298660e+02 6.56458191e+02 2.96211792e+02
    6.55170532e+02 3.53495667e+02 6.53476807e+02 4.10184875e+02
    6.28285767e+02 2.67035736e+02 6.27164856e+02 3.24205414e+02
    6.25695740e+02 3.81382446e+02 6.24140198e+02 4.37859985e+02
    6.00178345e+02 2.37990784e+02 5.99054138e+02 2.94951691e+02
    5.97723511e+02 3.52313202e+02 5.96362793e+02 4.09333771e+02
    5.70852417e+02 2.65729034e+02 5.69521790e+02 3.22972382e+02
    5.68217407e+02 3.80427917e+02 5.66952759e+02 4.37313416e+02
    5.42492188e+02 2.36314224e+02 5.41268860e+02 2.93558228e+02
    5.39922119e+02 3.51125580e+02 5.38675842e+02 4.08489990e+02
    8.24977295e+02 2.38829697e+02 8.25789429e+02 2.94188232e+02
    8.24889038e+02 3.50410217e+02 8.22506104e+02 4.06311676e+02
    7.97248840e+02 2.65665131e+02 7.97487366e+02 3.21865692e+02
    7.95190308e+02 3.78370728e+02 7.93545105e+02 4.34165833e+02
    7.68694885e+02 2.36906052e+02 7.68864502e+02 2.93037262e+02
    7.67702271e+02 3.50077881e+02 7.65907837e+02 4.06157928e+02
    7.40228333e+02 2.64345673e+02 7.39643311e+02 3.21345123e+02
    7.38362183e+02 3.78128998e+02 7.37000366e+02 4.33818146e+02
    7.11727844e+02 2.35927414e+02 7.11200928e+02 2.92490265e+02
    7.10378601e+02 3.49586700e+02 7.09232971e+02 4.05901947e+02
    6.82871521e+02 2.63719604e+02 6.82109680e+02 3.20694580e+02
    6.81289368e+02 3.77632812e+02 6.80345093e+02 4.33378265e+02
    6.54650696e+02 2.35300537e+02 6.53897034e+02 2.92024841e+02
    6.53131165e+02 3.48974854e+02 6.52448181e+02 4.05351379e+02
    6.25789246e+02 2.63308868e+02 6.24981934e+02 3.20142212e+02
    6.24373718e+02 3.76919678e+02 6.23907593e+02 4.32814362e+02
    5.97679504e+02 2.34763611e+02 5.96959412e+02 2.91376099e+02
    5.96272339e+02 3.48226807e+02 5.95857910e+02 4.04675262e+02
    5.68922058e+02 2.62710480e+02 5.68227905e+02 3.19415192e+02
    5.67629578e+02 3.76195740e+02 5.67319946e+02 4.32400970e+02
    5.40824280e+02 2.33994980e+02 5.40144409e+02 2.90575073e+02
    5.39417603e+02 3.47551147e+02 5.39030823e+02 4.04136810e+02
    8.19036255e+02 2.37607452e+02 8.18927795e+02 2.93876801e+02
    8.17776978e+02 3.50967621e+02 8.15578491e+02 4.07945221e+02
    7.90315857e+02 2.65131470e+02 7.89767639e+02 3.22059235e+02
    7.87651489e+02 3.79469269e+02 7.86016968e+02 4.36457092e+02
    7.61894958e+02 2.36232452e+02 7.61124268e+02 2.93109039e+02
    7.59730957e+02 3.50868195e+02 7.58040039e+02 4.07861877e+02
    7.32576599e+02 2.64384705e+02 7.31390442e+02 3.21843567e+02
    7.29910217e+02 3.79280304e+02 7.28598267e+02 4.36184296e+02
    7.04183533e+02 2.35678177e+02 7.03175720e+02 2.92833221e+02
    7.01815857e+02 3.50469330e+02 7.00542480e+02 4.07578430e+02
    6.74854370e+02 2.64160187e+02 6.73644958e+02 3.21597687e+02
    6.72409729e+02 3.78911682e+02 6.71348022e+02 4.35721100e+02
    6.46900269e+02 2.35589828e+02 6.45680542e+02 2.92753082e+02
    6.44424255e+02 3.50110565e+02 6.43329163e+02 4.07142090e+02
    6.17767578e+02 2.64143982e+02 6.16549255e+02 3.21188446e+02
    6.15462585e+02 3.78407837e+02 6.14394531e+02 4.35293732e+02
    5.89911133e+02 2.35477417e+02 5.88733398e+02 2.92463837e+02
    5.87561462e+02 3.49664764e+02 5.86377686e+02 4.06624573e+02
    5.61000549e+02 2.63915802e+02 5.59723083e+02 3.20886383e+02
    5.58527466e+02 3.77996429e+02 5.57612000e+02 4.34841614e+02
    5.33187988e+02 2.35144363e+02 5.32077820e+02 2.92139740e+02
    5.30792664e+02 3.49149902e+02 5.29797913e+02 4.06258209e+02
