<?xml version="1.0"?>
<opencv_storage>
<calibration_Time>"Sun 05 Jan 2020 03:12:46 PM MST"</calibration_Time>
<nrOfFrames>25</nrOfFrames>
<image_Width>1280</image_Width>
<image_Height>720</image_Height>
<board_Width>9</board_Width>
<board_Height>6</board_Height>
<square_Size>24.</square_Size>
<FixAspectRatio>1.</FixAspectRatio>
<flagValue>14</flagValue>
<Camera_Matrix type_id="opencv-matrix">
  <rows>3</rows>
  <cols>3</cols>
  <dt>d</dt>
  <data>
    9.0319761439919228e+02 0. 640. 0. 9.0319761439919228e+02 360. 0. 0.
    1.</data></Camera_Matrix>
<Distortion_Coefficients type_id="opencv-matrix">
  <rows>5</rows>
  <cols>1</cols>
  <dt>d</dt>
  <data>
    -4.3357846999706456e-01 6.5272121502785190e+00 0. 0.
    -2.5958664633689619e+01</data></Distortion_Coefficients>
<Avg_Reprojection_Error>2.1225501114245278e+00</Avg_Reprojection_Error>
<Per_View_Reprojection_Errors type_id="opencv-matrix">
  <rows>25</rows>
  <cols>1</cols>
  <dt>f</dt>
  <data>
    2.04771686e+00 2.04189563e+00 2.06568551e+00 2.17983103e+00
    2.17157745e+00 2.25251579e+00 2.25193286e+00 2.09787512e+00
    2.19172549e+00 2.16520095e+00 2.20706201e+00 2.14021611e+00
    2.03081942e+00 2.06566596e+00 2.16230035e+00 2.14325213e+00
    2.10061979e+00 2.11746240e+00 2.07780433e+00 2.07647061e+00
    2.07861042e+00 2.09835386e+00 2.08883905e+00 2.09265113e+00
    2.09579015e+00</data></Per_View_Reprojection_Errors>
<Extrinsic_Parameters type_id="opencv-matrix">
  <rows>25</rows>
  <cols>6</cols>
  <dt>d</dt>
  <data>
    6.6013416508472672e-02 -1.4667681040668701e-01
    8.2421167129208731e-02 -7.3026191831929864e+01
    -6.8254507194233113e+01 2.6715065774464153e+02
    5.9801486550143487e-02 -1.4989421681812976e-01
    8.1874158746546286e-02 -7.2774767744089317e+01
    -6.8237929700821368e+01 2.6697489692748326e+02
    6.0109297013945573e-02 -1.4917968769327913e-01
    8.1640928539178176e-02 -7.2137781194085235e+01
    -6.8039990814279165e+01 2.6691515630073070e+02
    6.6444096493312843e-02 -1.5121703223335134e-01
    8.1269374227416494e-02 -7.1422042054528333e+01
    -6.7226659868987355e+01 2.6611514808129937e+02
    6.1356121102392969e-02 -1.5254310787977529e-01
    8.1067022192340465e-02 -7.1741666209934934e+01
    -6.7343990330851028e+01 2.6613828772462011e+02
    6.8105349723498229e-02 -1.4863942157247195e-01
    8.0532565801094094e-02 -7.2038693626236210e+01
    -6.7163211932905554e+01 2.6635075215625835e+02
    6.5172342637979025e-02 -1.4870035174725929e-01
    7.9699125392006867e-02 -7.1939255230301981e+01
    -6.7179782081384573e+01 2.6674466877254025e+02
    5.7709303382402093e-02 -1.5011645323332767e-01
    8.0339747275310458e-02 -7.1210882922840753e+01
    -6.7907094339176453e+01 2.6834088589716583e+02
    6.8874851210680044e-02 -1.4555206730583320e-01
    8.3066696426247644e-02 -7.0272678143398835e+01
    -6.7758969867770105e+01 2.6869723237217715e+02
    6.3481367345578618e-02 -1.5117210138025605e-01
    8.2270225378494363e-02 -7.0412195673269096e+01
    -6.7769737288805771e+01 2.6827388311009537e+02
    6.6038566266127752e-02 -1.5296166012889026e-01
    8.1286670572659647e-02 -7.0509307059456532e+01
    -6.7686856004006884e+01 2.6783005748877872e+02
    6.4223766867888374e-02 -1.4866089571868252e-01
    8.0729501153678065e-02 -7.0653542594318125e+01
    -6.8006963641116158e+01 2.6982572097959940e+02
    6.2286387838444618e-02 -1.4812622409203174e-01
    8.2149907437780181e-02 -7.0336149546166865e+01
    -6.8315510889636002e+01 2.7029171390626283e+02
    6.0813391384384657e-02 -1.5326246810518804e-01
    8.1017515493805717e-02 -7.0429390902541172e+01
    -6.8257722230975304e+01 2.6979729479791058e+02
    6.3024728626058832e-02 -1.6036589810065158e-01
    7.6791572993087157e-02 -7.0894612090253219e+01
    -6.7372510295567693e+01 2.6854982872509197e+02
    5.9451148445954935e-02 -1.5434953472875956e-01
    7.7017599562118344e-02 -7.1270399565802350e+01
    -6.7713268875744205e+01 2.7015203884854270e+02
    6.2772016882295500e-02 -1.5109833840827566e-01
    7.7043369048748589e-02 -7.1601517701646500e+01
    -6.7876615214883714e+01 2.7078179993951562e+02
    5.8703540027912789e-02 -1.4894220961103191e-01
    7.5883349476659173e-02 -7.1728312471561395e+01
    -6.7867329850644026e+01 2.7164337096790445e+02
    5.7579887101446611e-02 -1.5579622942471291e-01
    7.7367612288221768e-02 -7.1100738304938346e+01
    -6.8299857988762483e+01 2.7097366453608009e+02
    6.1145069358520321e-02 -1.5614304664258760e-01
    7.7639977796786372e-02 -7.1058355177751821e+01
    -6.8222303228438008e+01 2.7099323246857966e+02
    5.4486981882998893e-02 -1.4995030408573581e-01
    7.6990836062698381e-02 -7.1397585783328381e+01
    -6.8312483549406096e+01 2.7242745888791546e+02
    5.7206288622465878e-02 -1.5217689073856061e-01
    7.7052472842234460e-02 -7.1061087477565735e+01
    -6.8121344124059135e+01 2.7170263902667352e+02
    5.8269232709600598e-02 -1.5904437630683943e-01
    7.8238715478513257e-02 -7.0528170006000764e+01
    -6.8268722246254086e+01 2.7038799503039263e+02
    5.9557985852658514e-02 -1.5776439118163155e-01
    7.8452413768753726e-02 -7.0646582577974527e+01
    -6.8234575903832294e+01 2.7065983866385710e+02
    5.4563134129181026e-02 -1.5371604965748603e-01
    7.8254060126482783e-02 -7.0732712272249117e+01
    -6.8446398351246771e+01 2.7184046333307919e+02</data></Extrinsic_Parameters>
