<?xml version="1.0"?>
<opencv_storage>
<calibration_Time>"Sun 05 Jan 2020 03:31:20 PM MST"</calibration_Time>
<nrOfFrames>50</nrOfFrames>
<image_Width>1280</image_Width>
<image_Height>720</image_Height>
<board_Width>9</board_Width>
<board_Height>6</board_Height>
<square_Size>24.</square_Size>
<FixAspectRatio>1.</FixAspectRatio>
<flagValue>14</flagValue>
<Camera_Matrix type_id="opencv-matrix">
  <rows>3</rows>
  <cols>3</cols>
  <dt>d</dt>
  <data>
    7.8567006133492134e+02 0. 640. 0. 7.8567006133492134e+02 360. 0. 0.
    1.</data></Camera_Matrix>
<Distortion_Coefficients type_id="opencv-matrix">
  <rows>5</rows>
  <cols>1</cols>
  <dt>d</dt>
  <data>
    7.9755821824321851e-02 -1.1316707782401145e+00 0. 0.
    2.2271586305040110e+00</data></Distortion_Coefficients>
<Avg_Reprojection_Error>1.1864560036783300e+00</Avg_Reprojection_Error>
<Per_View_Reprojection_Errors type_id="opencv-matrix">
  <rows>50</rows>
  <cols>1</cols>
  <dt>f</dt>
  <data>
    1.16919339e+00 1.04478765e+00 1.14451456e+00 1.21782017e+00
    1.08048868e+00 1.21885967e+00 1.37365758e+00 1.17457604e+00
    1.09934175e+00 1.25051546e+00 1.24797857e+00 1.08924448e+00
    1.23562813e+00 1.25028372e+00 1.26153159e+00 1.23969126e+00
    1.12739563e+00 1.21966946e+00 1.07720196e+00 1.08520544e+00
    1.14254570e+00 1.27660394e+00 1.15139747e+00 1.20584369e+00
    1.16319299e+00 1.07204413e+00 1.12848783e+00 1.33551633e+00
    1.09499562e+00 1.73039210e+00 1.19442022e+00 1.11549461e+00
    1.20489240e+00 1.21827960e+00 1.11258483e+00 1.13676870e+00
    1.25874496e+00 1.20727789e+00 1.33410621e+00 1.10309315e+00
    1.19035423e+00 1.02082932e+00 1.19546902e+00 1.07770669e+00
    1.07483304e+00 1.24878359e+00 1.12558937e+00 1.03812218e+00
    1.22947204e+00 1.05719984e+00</data></Per_View_Reprojection_Errors>
<Extrinsic_Parameters type_id="opencv-matrix">
  <rows>50</rows>
  <cols>6</cols>
  <dt>d</dt>
  <data>
    -4.3249602757495141e-02 8.9589729886904959e-02
    3.1379308210069841e+00 1.1977276205639143e+02 6.6185176185754656e+01
    2.3906294950122651e+02 -6.1056951677378971e-02
    7.7870527611447693e-02 3.1362591229293399e+00 1.1963874843348162e+02
    6.5957890060290140e+01 2.4136721919867841e+02
    -6.1471932420492051e-02 7.7355770681790434e-02
    3.1351471071101669e+00 1.2012490206633395e+02 6.5727233792090686e+01
    2.4158995565895611e+02 -5.8187468483477618e-02
    7.4629880102372259e-02 3.1374065926404158e+00 1.1999809696749841e+02
    6.6089197399231239e+01 2.4129493031979098e+02
    -6.1618685179114292e-02 8.0602373180251208e-02
    3.1353423850855622e+00 1.2056700410567764e+02 6.5622290395221583e+01
    2.4119373866487794e+02 -6.9851026937482019e-02
    8.7151941363161067e-02 3.1356987375751251e+00 1.2083906500802210e+02
    6.5635103636976282e+01 2.4102577648362058e+02
    -6.5354615205701114e-02 7.3408681648125876e-02
    3.1383729776579350e+00 1.2085371080387839e+02 6.6319518315998820e+01
    2.4140748235981977e+02 -6.7369256343982858e-02
    7.5411514956728709e-02 3.1319857816410428e+00 1.2218579783389413e+02
    6.5669169010096326e+01 2.4169324720022647e+02
    -7.4910994447106360e-02 8.8120229598601482e-02
    3.1338854193230996e+00 1.2108766470863428e+02 6.5770347542447666e+01
    2.4071013014586964e+02 -6.8871943703777708e-02
    8.5087875013996436e-02 3.1369925865802708e+00 1.2064460277956199e+02
    6.6143182682334782e+01 2.4009388300158935e+02
    -6.2786883337682051e-02 7.1521244861947095e-02
    3.1320996773366234e+00 1.2126659171305940e+02 6.6402070623812264e+01
    2.4122241402512233e+02 -7.3917591531954097e-02
    8.5777935813024203e-02 3.1328959822509481e+00 1.2017463443342044e+02
    6.5527680306096514e+01 2.4163202164630471e+02
    -7.1596406052824330e-02 8.1859834946371141e-02
    3.1309801303061580e+00 1.2070478702552592e+02 6.5509870264695110e+01
    2.4171938633389874e+02 -6.4701959709018597e-02
    8.1012486554046970e-02 3.1354822345602980e+00 1.2006183801959742e+02
    6.6226629896097009e+01 2.4112748642351875e+02
    -6.8104445684098930e-02 8.2573054746459651e-02
    3.1354241204532753e+00 1.2060744474249059e+02 6.6377018638879022e+01
    2.4050313626656197e+02 -7.1061755746950839e-02
    9.0903349503386729e-02 3.1358970521053000e+00 1.2016499757685934e+02
    6.6055930323037927e+01 2.3977130903324186e+02
    -7.3507081855139073e-02 8.6274439835094432e-02
    3.1304917937632508e+00 1.2117786588309799e+02 6.5685879605805198e+01
    2.4064816407530898e+02 -8.4282869768206967e-02
    7.9499343556415913e-02 3.1354660424255840e+00 1.2015187939824291e+02
    6.6086384741834252e+01 2.4144614299447301e+02
    -9.1595401361829573e-02 1.0136645286544364e-01
    3.1344648637925148e+00 1.2053618533108431e+02 6.5552806876205011e+01
    2.4070029468957341e+02 -8.5712234349452021e-02
    9.3285938042471164e-02 3.1341070246458416e+00 1.2046823608755912e+02
    6.4426604576862161e+01 2.4114382263874685e+02
    -8.9082019578690413e-02 7.7515845677905440e-02
    3.1356745985893695e+00 1.1985106275174748e+02 6.3880864762745816e+01
    2.4302448313844286e+02 -9.6270311875270048e-02
    8.0260505787074013e-02 3.1369317246898012e+00 1.1917371179855998e+02
    6.3546681511816168e+01 2.4334384152088651e+02 6.5396360635093173e-02
    -9.8022038692098648e-02 -3.1385149994381103e+00
    1.1870982789762321e+02 6.3745292325568386e+01 2.4027353897640634e+02
    -3.6198432187397531e-02 1.0627589239643395e-01
    3.1389422043873005e+00 1.1885602174732961e+02 6.3450460635240781e+01
    2.3739405089501400e+02 3.2876274113643633e-02
    -8.9058467554983256e-02 -3.1405245722221129e+00
    1.1909532481010821e+02 6.3585245055463197e+01 2.3816854396515726e+02
    6.2623806492489553e-02 -7.7338256796832441e-02
    -3.1360720090168246e+00 1.1808180168805563e+02
    6.3761208081323431e+01 2.4143712228153498e+02 6.7967590302541528e-02
    -1.0981736212733244e-01 -3.1332182803664921e+00
    1.1801173077647596e+02 6.3747777593922216e+01 2.3937114234460350e+02
    9.1787199632327357e-02 -1.0651718119003378e-01
    -3.1309990392485134e+00 1.1799800938846478e+02
    6.3975889026839290e+01 2.4027912648558117e+02 1.0225783522297191e-01
    -1.0619801053763714e-01 -3.1317004856616721e+00
    1.1831766398020821e+02 6.4081106448228311e+01 2.4155064661901235e+02
    -8.0210922784118149e-02 1.1721312162850203e-01
    3.1369415682529587e+00 1.1964384071442186e+02 6.3059773073907188e+01
    2.3945586693431565e+02 6.0452573882016664e-02
    -8.9891983153368896e-02 -3.1389410798710258e+00
    1.1965777574866262e+02 6.3532840292893141e+01 2.3984367728937903e+02
    -7.9981573778091689e-02 9.6472872333621396e-02
    3.1388357128081292e+00 1.1978996307120018e+02 6.3637648365715137e+01
    2.4039149708198761e+02 -5.0122206441289667e-02
    1.0847071844564506e-01 3.1374736697458947e+00 1.2000724480061740e+02
    6.2929929492518966e+01 2.3800688558530308e+02
    -3.5325138809370007e-02 1.0368016810580896e-01
    3.1373358210742897e+00 1.2000750020240504e+02 6.2681209713162538e+01
    2.3723504747097004e+02 5.1827643841999477e-02
    -8.8542119069117714e-02 -3.1390371772670558e+00
    1.1942023702487853e+02 6.3161477634408207e+01 2.3881768808752960e+02
    -5.5494250618590625e-02 1.1076523059370387e-01
    3.1389064943737663e+00 1.1992931329585939e+02 6.2487856738101158e+01
    2.3761524615655367e+02 4.3716695229684598e-02
    -9.0882216921054151e-02 -3.1398046092077294e+00
    1.1997941313326862e+02 6.2678376858625064e+01 2.3795649951196384e+02
    5.5571675498428855e-02 -8.4184105475874002e-02
    -3.1369568508413099e+00 1.1940708656576491e+02
    6.2650124071392085e+01 2.3973999241391002e+02 6.2654007422154157e-02
    -8.8439430327777346e-02 -3.1347154567680451e+00
    1.1874659875398800e+02 6.2742683367271063e+01 2.3958452171366983e+02
    6.1591408167565968e-02 -1.0208010730487330e-01
    -3.1358153477720676e+00 1.1896862704115462e+02
    6.2719712445230947e+01 2.3833714040969610e+02 6.5608331452562479e-02
    -9.1546439401496302e-02 -3.1360044263926277e+00
